0 0.9828
1 0.9788
2 0.9698
3 0.9664
4 0.963
5 0.9602
6 0.9598
7 0.9554
8 0.9568
9 0.9546
10 0.956
11 0.9518
12 0.9522
13 0.9608
14 0.958
15 0.9596
16 0.9596
17 0.958
18 0.9572
19 0.96
20 0.9588
21 0.9602
22 0.9584
23 0.952
24 0.9544
25 0.9514
26 0.9572
27 0.9534
28 0.954
29 0.9528
30 0.9552
31 0.9564
32 0.9542
33 0.957
34 0.96
35 0.9626
36 0.9674
37 0.9622
38 0.959
39 0.9582
40 0.9554
41 0.9494
42 0.9538
43 0.9568
44 0.9522
45 0.9568
46 0.952
47 0.9534
48 0.9548
49 0.9562
50 0.9616
51 0.9558
52 0.953
53 0.9562
54 0.9592
55 0.9632
56 0.9554
57 0.958
58 0.9584
59 0.9604
60 0.9608
61 0.9588
62 0.964
63 0.9658
64 0.9596
65 0.9524
66 0.9544
67 0.9562
68 0.9574
69 0.9604
70 0.9574
71 0.9558
72 0.9564
73 0.9582
74 0.9592
75 0.96
76 0.9594
77 0.9608
78 0.9532
79 0.95
80 0.9512
81 0.9558
82 0.9488
83 0.9506
84 0.9528
85 0.9532
86 0.955
87 0.9542
88 0.9576
89 0.9586
90 0.9622
91 0.963
92 0.9624
93 0.9622
94 0.963
95 0.9598
96 0.9626
97 0.961
98 0.96
99 0.9574
100 0.9508
101 0.9518
102 0.9572
103 0.9562
104 0.9568
105 0.9548
106 0.9598
107 0.9568
108 0.9588
109 0.9582
110 0.9536
111 0.9526
112 0.9492
113 0.9514
114 0.9574
115 0.9586
116 0.959
117 0.9594
118 0.9576
119 0.9548
120 0.9512
121 0.9506
122 0.9522
123 0.9562
124 0.9632
125 0.9614
126 0.9618
127 0.955
128 0.9516
129 0.9574
130 0.958
131 0.957
132 0.9572
133 0.9604
134 0.955
135 0.9508
136 0.9546
137 0.951
138 0.9506
139 0.951
140 0.9498
141 0.9572
142 0.9566
143 0.9588
144 0.9568
145 0.9582
146 0.9586
147 0.963
148 0.955
149 0.957
150 0.9596
151 0.9598
152 0.9546
153 0.9594
154 0.9558
155 0.9546
156 0.9554
157 0.9588
158 0.96
159 0.9618
160 0.9638
161 0.967
162 0.9662
163 0.9578
164 0.953
165 0.9556
166 0.9584
167 0.9534
168 0.9544
169 0.957
170 0.9578
171 0.9554
172 0.9568
173 0.9548
174 0.9542
175 0.9582
176 0.9574
177 0.957
178 0.9498
179 0.955
180 0.956
181 0.9488
182 0.9504
183 0.9522
184 0.9556
185 0.953
186 0.9574
187 0.9576
188 0.962
189 0.9602
190 0.96
191 0.9566
192 0.9536
193 0.9484
194 0.9462
195 0.953
196 0.9538
197 0.9546
198 0.9536
199 0.955
200 0.9508
201 0.9472
202 0.9558
203 0.9566
204 0.955
205 0.962
206 0.9516
207 0.9538
208 0.9582
209 0.956
210 0.954
211 0.9578
212 0.9572
213 0.9576
214 0.96
215 0.959
216 0.9634
217 0.9588
218 0.9572
219 0.9498
220 0.9536
221 0.9652
222 0.9646
223 0.9592
224 0.9498
225 0.9516
226 0.9538
227 0.9566
228 0.9502
229 0.952
230 0.9524
231 0.9508
232 0.9486
233 0.9554
234 0.9554
235 0.9518
236 0.9542
237 0.9544
238 0.9492
239 0.9524
240 0.9532
241 0.9528
242 0.9544
243 0.9492
244 0.96
245 0.9572
246 0.9588
247 0.9544
248 0.9496
249 0.9536
250 0.9598
251 0.9598
252 0.9558
253 0.9506
254 0.9522
255 0.9588
256 0.9618
257 0.9604
258 0.958
259 0.9576
260 0.9576
261 0.9552
262 0.9556
263 0.956
264 0.9526
265 0.9556
266 0.9556
267 0.953
268 0.957
269 0.9584
270 0.9588
271 0.951
272 0.9532
273 0.951
274 0.9518
275 0.951
276 0.9508
277 0.9522
278 0.9552
279 0.9514
280 0.951
281 0.9528
282 0.9454
283 0.9446
284 0.9476
285 0.949
286 0.9458
287 0.9464
288 0.9494
289 0.952
290 0.9518
291 0.9556
292 0.9544
293 0.9628
294 0.9568
295 0.9578
296 0.9566
297 0.9528
298 0.9566
299 0.9588
300 0.9604
301 0.959
302 0.9604
303 0.9668
304 0.9668
305 0.9674
306 0.9628
307 0.966
308 0.9666
309 0.9652
310 0.9642
311 0.9676
312 0.9646
313 0.9642
314 0.9602
315 0.9564
316 0.956
317 0.9626
318 0.9666
319 0.9642
320 0.9646
321 0.9592
322 0.955
323 0.9564
324 0.9618
325 0.9658
326 0.9618
327 0.9638
328 0.9606
329 0.9586
330 0.9584
331 0.955
332 0.954
333 0.954
334 0.9534
335 0.9464
336 0.9514
337 0.9474
338 0.9566
339 0.956
340 0.9628
341 0.9602
342 0.9596
343 0.958
344 0.9542
345 0.952
346 0.952
347 0.9538
348 0.9574
349 0.9594
350 0.962
351 0.9602
352 0.9578
353 0.9578
354 0.9612
355 0.9684
356 0.964
357 0.9666
358 0.9652
359 0.9612
360 0.9562
361 0.9562
362 0.9564
363 0.9586
364 0.956
365 0.956
366 0.9574
367 0.9482
368 0.957
369 0.9588
370 0.9588
371 0.9542
372 0.9608
373 0.96
374 0.958
375 0.9586
376 0.9568
377 0.9588
378 0.9608
379 0.9592
380 0.9614
381 0.9614
382 0.9582
383 0.958
384 0.9572
385 0.9594
386 0.9584
387 0.957
388 0.9608
389 0.964
390 0.9666
391 0.9612
392 0.9616
393 0.962
394 0.9542
395 0.9568
396 0.956
397 0.9564
398 0.9574
399 0.959
400 0.9616
401 0.956
402 0.9592
403 0.9612
404 0.963
405 0.9624
406 0.9628
407 0.9546
408 0.958
409 0.958
410 0.9582
411 0.9534
412 0.958
413 0.9588
414 0.9588
415 0.953
416 0.9466
417 0.948
418 0.9482
419 0.9564
420 0.9516
421 0.9528
422 0.9522
423 0.9472
424 0.9466
425 0.9538
426 0.9554
427 0.9556
428 0.9564
429 0.9524
430 0.9504
431 0.9512
432 0.9556
433 0.9574
434 0.9538
435 0.9592
436 0.954
437 0.9572
438 0.9572
439 0.9598
440 0.9536
441 0.9582
442 0.9618
443 0.959
444 0.9604
445 0.9538
446 0.9586
447 0.9546
448 0.9542
449 0.9568
450 0.9544
451 0.9556
452 0.9546
453 0.9552
454 0.9556
455 0.9582
456 0.9624
457 0.9654
458 0.9632
459 0.9586
460 0.9564
461 0.951
462 0.9528
463 0.9604
464 0.9538
465 0.9542
466 0.9528
467 0.958
468 0.9572
469 0.9562
470 0.957
471 0.9568
472 0.9562
473 0.9578
474 0.9536
475 0.9548
476 0.958
477 0.955
478 0.956
479 0.9492
480 0.955
481 0.955
482 0.9554
483 0.9518
484 0.953
485 0.9528
486 0.9502
487 0.9504
488 0.953
489 0.9506
490 0.9486
491 0.9546
492 0.955
493 0.9606
494 0.9588
495 0.9594
496 0.9568
497 0.957
498 0.9542
499 0.955
500 0.9508
501 0.9474
502 0.9506
503 0.9524
504 0.9522
505 0.9574
506 0.9546
507 0.9574
508 0.9564
509 0.9552
510 0.9544
511 0.9598
512 0.9542
513 0.955
514 0.9576
515 0.9602
516 0.9608
517 0.9616
518 0.9556
519 0.9588
520 0.9524
521 0.9542
522 0.9566
523 0.9578
524 0.953
525 0.9536
526 0.9518
527 0.9576
528 0.9628
529 0.9576
530 0.9516
531 0.952
532 0.9554
533 0.9526
534 0.949
535 0.9476
536 0.9494
537 0.9564
538 0.9546
539 0.9556
540 0.9548
541 0.9526
542 0.9554
543 0.9534
544 0.9604
545 0.957
546 0.9548
547 0.9524
548 0.9542
549 0.9532
550 0.9572
551 0.9596
552 0.9564
553 0.9596
554 0.9548
555 0.9578
556 0.957
557 0.9594
558 0.9616
559 0.9576
560 0.9548
561 0.9512
562 0.9548
563 0.9576
564 0.9584
565 0.9586
566 0.9602
567 0.962
568 0.9592
569 0.9506
570 0.9494
571 0.9536
572 0.9522
573 0.9532
574 0.9558
575 0.9522
576 0.9588
577 0.958
578 0.957
579 0.958
580 0.952
581 0.9544
582 0.955
583 0.9582
584 0.9622
585 0.9568
586 0.96
587 0.9576
588 0.9584
589 0.956
590 0.9588
591 0.96
592 0.9602
593 0.9588
594 0.9608
595 0.9572
596 0.9578
597 0.9578
598 0.9542
599 0.9568
600 0.9558
601 0.9606
602 0.9568
603 0.9624
604 0.9676
605 0.9614
606 0.9618
607 0.957
608 0.959
609 0.957
610 0.9548
611 0.9596
612 0.9662
613 0.9664
614 0.9642
615 0.963
616 0.9604
617 0.959
618 0.9564
619 0.9576
620 0.9616
621 0.9626
622 0.9622
623 0.964
624 0.9592
625 0.961
626 0.9558
627 0.9578
628 0.9478
629 0.9406
630 0.9424
631 0.9472
632 0.947
633 0.953
634 0.9574
635 0.9594
636 0.964
637 0.9574
638 0.9596
639 0.9568
640 0.9596
641 0.9616
642 0.9636
643 0.9646
644 0.9608
645 0.9628
646 0.9578
647 0.9612
648 0.9622
649 0.963
650 0.961
651 0.9632
652 0.963
653 0.9574
654 0.9576
655 0.9596
656 0.9638
657 0.961
658 0.9596
659 0.9534
660 0.9462
661 0.9486
662 0.9516
663 0.9572
664 0.9568
665 0.9568
666 0.96
667 0.9616
668 0.9626
669 0.9556
670 0.9562
671 0.9502
672 0.9526
673 0.9494
674 0.9454
675 0.9428
676 0.9434
677 0.951
678 0.9518
679 0.9468
680 0.9484
681 0.9504
682 0.9452
683 0.946
684 0.9468
685 0.9514
686 0.9562
687 0.9558
688 0.9552
689 0.9522
690 0.9542
691 0.9542
692 0.9554
693 0.9524
694 0.958
695 0.9602
696 0.9618
697 0.9582
698 0.9544
699 0.957
700 0.9554
701 0.9576
702 0.9546
703 0.9586
704 0.9526
705 0.9578
706 0.9568
707 0.9508
708 0.9504
709 0.9526
710 0.951
711 0.9584
712 0.9622
713 0.9628
714 0.9632
715 0.9576
716 0.9566
717 0.9604
718 0.9586
719 0.9558
720 0.9556
721 0.9564
722 0.9576
723 0.9594
724 0.9594
725 0.9564
726 0.9598
727 0.959
728 0.9576
729 0.962
730 0.9614
731 0.9562
732 0.9534
733 0.9576
734 0.9588
735 0.9536
736 0.954
737 0.9546
738 0.9514
739 0.9552
740 0.9538
741 0.9506
742 0.96
743 0.9584
744 0.9614
745 0.9642
746 0.9624
747 0.9622
748 0.958
749 0.9592
750 0.9576
751 0.9556
752 0.9558
753 0.9608
754 0.9562
755 0.952
756 0.9528
757 0.9576
758 0.9608
759 0.964
760 0.9622
761 0.9554
762 0.958
763 0.9564
764 0.9584
765 0.9562
766 0.9612
767 0.9604
768 0.9574
769 0.9582
770 0.957
771 0.9608
772 0.9564
773 0.9572
774 0.9572
775 0.9568
776 0.9618
777 0.9572
778 0.9578
779 0.9528
780 0.9552
781 0.952
782 0.9516
783 0.9502
784 0.9506
785 0.9524
786 0.9574
787 0.955
788 0.9552
789 0.9536
790 0.953
791 0.9544
792 0.9506
793 0.945
794 0.949
795 0.9558
796 0.9606
797 0.9568
798 0.954
799 0.9534
800 0.9556
801 0.9596
802 0.9614
803 0.9602
804 0.9576
805 0.9572
806 0.9528
807 0.9538
808 0.9558
809 0.9572
810 0.9504
811 0.9574
812 0.9572
813 0.958
814 0.9564
815 0.9566
816 0.958
817 0.9572
818 0.956
819 0.9556
820 0.9624
821 0.954
822 0.9556
823 0.9526
824 0.954
825 0.9528
826 0.959
827 0.9538
828 0.9568
829 0.9586
830 0.9588
831 0.9612
832 0.959
833 0.9612
834 0.9638
835 0.9592
836 0.96
837 0.9558
838 0.9586
839 0.9588
840 0.9584
841 0.9554
842 0.9574
843 0.9568
844 0.9546
845 0.9504
846 0.96
847 0.9616
848 0.9614
849 0.9612
850 0.9636
851 0.9616
852 0.9584
853 0.9522
854 0.954
855 0.9566
856 0.9546
857 0.959
858 0.9566
859 0.9632
860 0.9522
861 0.9598
862 0.9588
863 0.9608
864 0.9574
865 0.9528
866 0.9594
867 0.956
868 0.9484
869 0.9568
870 0.9554
871 0.9612
872 0.963
873 0.955
874 0.9516
875 0.9548
876 0.9602
877 0.963
878 0.9606
879 0.9602
880 0.9592
881 0.9466
882 0.9506
883 0.9518
884 0.9558
885 0.9536
886 0.9582
887 0.9586
888 0.9584
889 0.962
890 0.9596
891 0.9558
892 0.9582
893 0.9578
894 0.9554
895 0.953
896 0.956
897 0.9562
898 0.96
899 0.9556
900 0.953
901 0.9536
902 0.9568
903 0.961
904 0.9534
905 0.9534
906 0.9526
907 0.9558
908 0.9596
909 0.9628
910 0.963
911 0.9596
912 0.9534
913 0.9556
914 0.9534
915 0.9522
916 0.9536
917 0.9512
918 0.9546
919 0.9542
920 0.9622
921 0.9546
922 0.9494
923 0.9534
924 0.9522
925 0.9562
926 0.9558
927 0.9554
928 0.9548
929 0.954
930 0.9574
931 0.9562
932 0.9548
933 0.9544
934 0.956
935 0.9496
936 0.9558
937 0.9572
938 0.9568
939 0.9596
940 0.958
941 0.966
942 0.9638
943 0.9622
944 0.9642
945 0.9636
946 0.9606
947 0.9524
948 0.9612
949 0.9598
950 0.9536
951 0.957
952 0.9532
953 0.9526
954 0.9514
955 0.9568
956 0.958
957 0.9544
958 0.9494
959 0.9478
960 0.9514
961 0.9538
962 0.9562
963 0.9554
964 0.9562
965 0.9552
966 0.9542
967 0.9584
968 0.9564
969 0.959
970 0.9586
971 0.961
972 0.9568
973 0.9578
974 0.9584
975 0.9576
976 0.9538
977 0.9494
978 0.9494
979 0.9544
980 0.9528
981 0.95
982 0.9556
983 0.9562
984 0.9534
985 0.9512
986 0.9546
987 0.951
988 0.9492
989 0.9514
990 0.95
991 0.9518
992 0.9514
993 0.9446
994 0.9534
995 0.951
996 0.954
997 0.951
998 0.943
999 0.943
1000 0.9526
1001 0.9486
1002 0.9486
1003 0.9482
1004 0.9486
1005 0.9528
1006 0.9478
1007 0.957
1008 0.9622
1009 0.9592
1010 0.9526
1011 0.9576
1012 0.9532
1013 0.9476
1014 0.9494
1015 0.952
1016 0.9512
1017 0.9504
1018 0.9504
1019 0.952
1020 0.9502
1021 0.951
1022 0.951
1023 0.953
1024 0.9548
1025 0.9564
1026 0.9608
1027 0.9574
1028 0.9636
1029 0.9636
1030 0.96
1031 0.9584
1032 0.9586
1033 0.959
1034 0.9622
1035 0.9632
1036 0.9612
1037 0.9512
1038 0.9522
1039 0.955
1040 0.9608
1041 0.96
1042 0.9522
1043 0.95
1044 0.9548
1045 0.956
1046 0.9614
1047 0.9584
1048 0.961
1049 0.9596
1050 0.9644
1051 0.968
1052 0.9634
1053 0.964
1054 0.9604
1055 0.9566
1056 0.9564
1057 0.9578
1058 0.957
1059 0.9542
1060 0.956
1061 0.9602
1062 0.9652
1063 0.9662
1064 0.9596
1065 0.9626
1066 0.9644
1067 0.9618
1068 0.96
1069 0.9598
1070 0.9554
1071 0.9536
1072 0.9516
1073 0.949
1074 0.9578
1075 0.9576
1076 0.9554
1077 0.9536
1078 0.957
1079 0.9622
1080 0.9654
1081 0.9626
1082 0.9632
1083 0.9606
1084 0.9596
1085 0.9582
1086 0.961
1087 0.9634
1088 0.9606
1089 0.9628
1090 0.9614
1091 0.961
1092 0.9548
1093 0.9562
1094 0.9514
1095 0.9534
1096 0.9538
1097 0.9586
1098 0.962
1099 0.9642
1100 0.9616
1101 0.9598
1102 0.959
1103 0.959
1104 0.9598
1105 0.9586
1106 0.9566
1107 0.9572
1108 0.958
1109 0.9524
1110 0.951
1111 0.952
1112 0.9516
1113 0.9598
1114 0.9582
1115 0.9558
1116 0.9608
1117 0.9554
1118 0.9578
1119 0.9584
1120 0.9592
1121 0.9562
1122 0.9548
1123 0.9542
1124 0.9498
1125 0.9576
1126 0.9592
1127 0.9544
1128 0.957
1129 0.959
1130 0.9558
1131 0.9584
1132 0.9554
1133 0.9554
1134 0.9554
1135 0.9534
1136 0.9526
1137 0.9502
1138 0.952
1139 0.9486
1140 0.9438
1141 0.9446
1142 0.9516
1143 0.958
1144 0.9586
1145 0.9548
1146 0.9546
1147 0.9518
1148 0.9556
1149 0.9574
1150 0.956
1151 0.9558
1152 0.9512
1153 0.952
1154 0.9584
1155 0.9552
1156 0.9598
1157 0.9602
1158 0.9568
1159 0.9544
1160 0.9566
1161 0.9612
1162 0.9638
1163 0.9596
1164 0.9526
1165 0.954
1166 0.958
1167 0.9556
1168 0.9544
1169 0.9576
1170 0.9592
1171 0.958
1172 0.9598
1173 0.9636
1174 0.961
1175 0.9576
1176 0.9616
1177 0.9598
1178 0.9622
1179 0.9658
1180 0.9594
1181 0.9556
1182 0.9584
1183 0.959
1184 0.9552
1185 0.9576
1186 0.9608
1187 0.9648
1188 0.9654
1189 0.9642
1190 0.9638
1191 0.9606
1192 0.9594
1193 0.9524
1194 0.9538
1195 0.9552
1196 0.9554
1197 0.9582
1198 0.9588
1199 0.9516
1200 0.9516
1201 0.952
1202 0.9572
1203 0.9536
1204 0.954
1205 0.9574
1206 0.959
1207 0.9598
1208 0.9636
1209 0.9576
1210 0.9564
1211 0.9556
1212 0.9584
1213 0.9606
1214 0.9556
1215 0.9536
1216 0.9514
1217 0.9542
1218 0.9534
1219 0.9546
1220 0.9588
1221 0.9578
1222 0.9636
1223 0.9598
1224 0.9586
1225 0.9562
1226 0.9586
1227 0.9618
1228 0.9652
1229 0.9672
1230 0.9652
1231 0.9652
1232 0.9552
1233 0.9588
1234 0.9566
1235 0.9532
1236 0.96
1237 0.959
1238 0.9572
1239 0.959
1240 0.9642
1241 0.9652
1242 0.96
1243 0.9624
1244 0.9584
1245 0.9558
1246 0.9598
1247 0.9588
1248 0.962
1249 0.958
1250 0.9582
1251 0.9618
1252 0.9642
1253 0.965
1254 0.9646
1255 0.964
1256 0.965
1257 0.9638
1258 0.9634
1259 0.9638
1260 0.9584
1261 0.9564
1262 0.9598
1263 0.9618
1264 0.9616
1265 0.9616
1266 0.9618
1267 0.96
1268 0.961
1269 0.9638
1270 0.9598
1271 0.9606
1272 0.9638
1273 0.9582
1274 0.9538
1275 0.9508
1276 0.9586
1277 0.9536
1278 0.9576
1279 0.9556
1280 0.9536
1281 0.9514
1282 0.9536
1283 0.9604
1284 0.9604
1285 0.9592
1286 0.9576
1287 0.96
1288 0.9602
1289 0.9608
1290 0.9614
1291 0.9626
1292 0.9634
1293 0.965
1294 0.96
1295 0.9598
1296 0.9582
1297 0.9474
1298 0.9484
1299 0.953
1300 0.9486
1301 0.9488
1302 0.952
1303 0.9504
1304 0.9512
1305 0.951
1306 0.9524
1307 0.9552
1308 0.9494
1309 0.9468
1310 0.9458
1311 0.9536
1312 0.9572
1313 0.9506
1314 0.9486
1315 0.9514
1316 0.9552
1317 0.958
1318 0.9538
1319 0.943
1320 0.947
1321 0.9532
1322 0.9514
1323 0.949
1324 0.9502
1325 0.9546
1326 0.9512
1327 0.9528
1328 0.9582
1329 0.9576
1330 0.9548
1331 0.9534
1332 0.9538
1333 0.9496
1334 0.9528
1335 0.9568
1336 0.9578
1337 0.9576
1338 0.9556
1339 0.9542
1340 0.9512
1341 0.9516
1342 0.9516
1343 0.956
1344 0.9606
1345 0.9618
1346 0.963
1347 0.9602
1348 0.9608
1349 0.9674
1350 0.9614
1351 0.9634
1352 0.9618
1353 0.956
1354 0.9544
1355 0.952
1356 0.9544
1357 0.9566
1358 0.9552
1359 0.954
1360 0.9534
1361 0.9584
1362 0.9526
1363 0.9586
1364 0.9588
1365 0.958
1366 0.9544
1367 0.958
1368 0.9624
1369 0.9656
1370 0.9636
1371 0.9576
1372 0.9552
1373 0.9544
1374 0.9556
1375 0.9532
1376 0.9512
1377 0.956
1378 0.9632
1379 0.9642
1380 0.9598
1381 0.959
1382 0.9608
1383 0.9516
1384 0.955
1385 0.9584
1386 0.9638
1387 0.9588
1388 0.954
1389 0.9518
1390 0.9562
1391 0.954
1392 0.9532
1393 0.951
1394 0.955
1395 0.9578
1396 0.9584
1397 0.955
1398 0.956
1399 0.9564
1400 0.9548
1401 0.9564
1402 0.956
1403 0.9524
1404 0.9548
1405 0.9562
1406 0.955
1407 0.9598
1408 0.9568
1409 0.9588
1410 0.9584
1411 0.9544
1412 0.9524
1413 0.9458
1414 0.9454
1415 0.9428
1416 0.9442
1417 0.9508
1418 0.958
1419 0.9566
1420 0.9536
1421 0.9526
1422 0.951
1423 0.9518
1424 0.9518
1425 0.9566
1426 0.9572
1427 0.9606
1428 0.9626
1429 0.967
1430 0.9624
1431 0.9566
1432 0.9564
1433 0.9614
1434 0.9632
1435 0.9606
1436 0.9642
1437 0.9614
1438 0.9582
1439 0.957
1440 0.9598
1441 0.9544
1442 0.9582
1443 0.9526
1444 0.9534
1445 0.9542
1446 0.9566
1447 0.96
1448 0.9612
1449 0.9628
1450 0.9586
1451 0.9602
1452 0.9572
1453 0.9578
1454 0.9578
1455 0.961
1456 0.9548
1457 0.9616
1458 0.97
1459 0.966
1460 0.9632
1461 0.9614
1462 0.964
1463 0.9554
1464 0.957
1465 0.953
1466 0.9536
1467 0.9548
1468 0.9604
1469 0.9612
1470 0.9652
1471 0.9626
1472 0.9584
1473 0.9562
1474 0.9558
1475 0.957
1476 0.9554
1477 0.9576
1478 0.9544
1479 0.9546
1480 0.9554
1481 0.9576
1482 0.9584
1483 0.9524
1484 0.9522
1485 0.9538
1486 0.9574
1487 0.953
1488 0.957
1489 0.9604
1490 0.9564
1491 0.9602
1492 0.9594
1493 0.9616
1494 0.9636
1495 0.9634
1496 0.9602
1497 0.9612
1498 0.9604
1499 0.957
1500 0.9508
1501 0.956
1502 0.955
1503 0.9532
1504 0.9516
1505 0.9558
1506 0.9542
1507 0.9466
1508 0.9558
1509 0.9536
1510 0.958
1511 0.9586
1512 0.9594
1513 0.956
1514 0.9602
1515 0.9582
1516 0.961
1517 0.961
1518 0.96
1519 0.9592
1520 0.9506
1521 0.9554
1522 0.9562
1523 0.958
1524 0.9564
1525 0.9576
1526 0.9574
1527 0.9602
1528 0.9574
1529 0.9584
1530 0.9586
1531 0.9558
1532 0.9548
1533 0.9564
1534 0.9582
1535 0.9656
1536 0.962
1537 0.957
1538 0.9658
1539 0.9624
1540 0.958
1541 0.9556
1542 0.955
1543 0.9602
1544 0.9638
1545 0.9634
1546 0.9612
1547 0.9616
1548 0.9656
1549 0.9622
1550 0.9604
1551 0.9576
1552 0.9516
1553 0.95
1554 0.9492
1555 0.9534
1556 0.9506
1557 0.9572
1558 0.9612
1559 0.963
1560 0.9622
1561 0.9558
1562 0.9592
1563 0.9554
1564 0.9544
1565 0.954
1566 0.957
1567 0.96
1568 0.9588
1569 0.957
1570 0.9526
1571 0.9556
1572 0.9624
1573 0.9584
1574 0.9556
1575 0.953
1576 0.9508
1577 0.9588
1578 0.9596
1579 0.9572
1580 0.9556
1581 0.9556
1582 0.9558
1583 0.9642
1584 0.9662
1585 0.966
1586 0.9558
1587 0.955
1588 0.953
1589 0.9484
1590 0.9438
1591 0.9476
1592 0.9522
1593 0.9586
1594 0.9602
1595 0.9574
1596 0.9538
1597 0.9502
1598 0.9522
1599 0.952
1600 0.9464
1601 0.9444
1602 0.9478
1603 0.9484
1604 0.9534
1605 0.9484
1606 0.954
1607 0.9538
1608 0.9588
1609 0.9608
1610 0.9658
1611 0.968
1612 0.9708
1613 0.964
1614 0.9654
1615 0.9604
1616 0.958
1617 0.952
1618 0.9478
1619 0.9532
1620 0.9568
1621 0.9578
1622 0.9584
1623 0.9596
1624 0.9572
1625 0.9628
1626 0.9584
1627 0.9526
1628 0.9578
1629 0.9534
1630 0.9494
1631 0.9534
1632 0.9572
1633 0.9552
1634 0.9608
1635 0.9604
1636 0.967
1637 0.9648
1638 0.9622
1639 0.9584
1640 0.9582
1641 0.9576
1642 0.9614
1643 0.962
1644 0.9552
1645 0.9556
1646 0.949
1647 0.9498
1648 0.9488
1649 0.9448
1650 0.9458
1651 0.9482
1652 0.951
1653 0.9548
1654 0.9612
1655 0.959
1656 0.9582
1657 0.9574
1658 0.9586
1659 0.959
1660 0.9574
1661 0.9578
1662 0.9566
1663 0.955
1664 0.9592
1665 0.9612
1666 0.962
1667 0.9576
1668 0.9516
1669 0.9562
1670 0.9548
1671 0.9542
1672 0.9582
1673 0.9552
1674 0.9626
1675 0.9594
1676 0.9564
1677 0.9552
1678 0.9528
1679 0.9534
1680 0.9486
1681 0.9486
1682 0.9516
1683 0.9502
1684 0.9538
1685 0.9628
1686 0.9582
1687 0.9612
1688 0.957
1689 0.9642
1690 0.9626
1691 0.958
1692 0.9604
1693 0.9588
1694 0.9556
1695 0.9568
1696 0.9574
1697 0.958
1698 0.9572
1699 0.9594
1700 0.965
1701 0.9646
1702 0.9588
1703 0.9606
1704 0.9574
1705 0.9524
1706 0.9526
1707 0.9546
1708 0.9612
1709 0.9634
1710 0.9628
1711 0.9658
1712 0.9616
1713 0.9658
1714 0.9612
1715 0.9596
1716 0.9578
1717 0.9548
1718 0.95
1719 0.9614
1720 0.9586
1721 0.9562
1722 0.9568
1723 0.9572
1724 0.954
1725 0.9538
1726 0.96
1727 0.958
1728 0.9542
1729 0.9552
1730 0.9542
1731 0.9614
1732 0.9626
1733 0.9662
1734 0.9688
1735 0.9632
1736 0.9646
1737 0.9642
1738 0.9632
1739 0.9602
1740 0.9574
1741 0.9496
1742 0.9482
1743 0.9482
1744 0.95
1745 0.9498
1746 0.9488
1747 0.9602
1748 0.9586
1749 0.9578
1750 0.9574
1751 0.9552
1752 0.9554
1753 0.9568
1754 0.957
1755 0.9628
1756 0.954
1757 0.9562
1758 0.9572
1759 0.9592
1760 0.9586
1761 0.957
1762 0.9564
1763 0.9592
1764 0.9592
1765 0.961
1766 0.9556
1767 0.9558
1768 0.9558
1769 0.9588
1770 0.954
1771 0.9512
1772 0.9586
1773 0.9618
1774 0.9608
1775 0.9564
1776 0.9538
1777 0.9526
1778 0.9548
1779 0.9528
1780 0.9582
1781 0.9638
1782 0.9608
1783 0.963
1784 0.9612
1785 0.9594
1786 0.9588
1787 0.958
1788 0.9566
1789 0.9616
1790 0.9568
1791 0.9548
1792 0.9508
1793 0.9606
1794 0.9632
1795 0.9572
1796 0.962
1797 0.9578
1798 0.958
1799 0.9526
1800 0.9518
1801 0.9512
1802 0.9538
1803 0.9534
1804 0.9556
1805 0.9532
1806 0.9476
1807 0.9504
1808 0.954
1809 0.9538
1810 0.9508
1811 0.9524
1812 0.9552
1813 0.9584
1814 0.9512
1815 0.9524
1816 0.951
1817 0.9544
1818 0.9606
1819 0.9598
1820 0.9646
1821 0.9608
1822 0.9604
1823 0.9606
1824 0.9578
1825 0.9564
1826 0.9538
1827 0.9482
1828 0.954
1829 0.955
1830 0.954
1831 0.9548
1832 0.954
1833 0.9568
1834 0.954
1835 0.9552
1836 0.9578
1837 0.958
1838 0.9544
1839 0.9574
1840 0.96
1841 0.9636
1842 0.96
1843 0.9642
1844 0.9646
1845 0.9666
1846 0.9646
1847 0.9554
1848 0.9508
1849 0.9548
1850 0.9544
1851 0.9484
1852 0.948
1853 0.9502
1854 0.9494
1855 0.9572
1856 0.957
1857 0.9542
1858 0.957
1859 0.9572
1860 0.9568
1861 0.9598
1862 0.9578
1863 0.9556
1864 0.9564
1865 0.956
1866 0.9614
1867 0.96
1868 0.961
1869 0.9616
1870 0.9614
1871 0.9514
1872 0.951
1873 0.9524
1874 0.9516
1875 0.9458
1876 0.9458
1877 0.9514
1878 0.9552
1879 0.9532
1880 0.9528
1881 0.9526
1882 0.9544
1883 0.9576
1884 0.9598
1885 0.9514
1886 0.9516
1887 0.9476
1888 0.9546
1889 0.9526
1890 0.9524
1891 0.9606
1892 0.9558
1893 0.9558
1894 0.9584
1895 0.9558
1896 0.9566
1897 0.9518
1898 0.9532
1899 0.9566
1900 0.9594
1901 0.9508
1902 0.9556
1903 0.956
1904 0.952
1905 0.9532
1906 0.9494
1907 0.9504
1908 0.9524
1909 0.9598
1910 0.9602
1911 0.959
1912 0.9564
1913 0.9592
1914 0.9582
1915 0.9532
1916 0.9564
1917 0.9528
1918 0.9556
1919 0.9556
1920 0.9592
1921 0.9588
1922 0.96
1923 0.955
1924 0.9544
1925 0.952
1926 0.9496
1927 0.958
1928 0.9574
1929 0.9534
1930 0.9532
1931 0.9562
1932 0.9578
1933 0.9564
1934 0.955
1935 0.9518
1936 0.9536
1937 0.9528
1938 0.9498
1939 0.948
1940 0.9498
1941 0.954
1942 0.9542
1943 0.9574
1944 0.9566
1945 0.958
1946 0.9552
1947 0.9516
1948 0.9538
1949 0.9528
1950 0.954
1951 0.9576
1952 0.9558
1953 0.9492
1954 0.9544
1955 0.9512
1956 0.955
1957 0.9626
1958 0.9548
1959 0.9564
1960 0.9508
1961 0.9546
1962 0.9484
1963 0.9518
1964 0.9516
1965 0.954
1966 0.9522
1967 0.953
1968 0.9524
1969 0.954
1970 0.962
1971 0.9542
1972 0.953
1973 0.955
1974 0.9594
1975 0.9564
1976 0.9552
1977 0.9608
1978 0.9564
1979 0.9596
1980 0.9578
1981 0.9604
1982 0.9568
1983 0.96
1984 0.9558
1985 0.9512
1986 0.9584
1987 0.9598
1988 0.959
1989 0.9604
1990 0.9598
1991 0.9534
1992 0.9508
1993 0.9568
1994 0.9566
1995 0.958
1996 0.9624
1997 0.9588
1998 0.9566
1999 0.9566
2000 0.9642
2001 0.9636
2002 0.96
2003 0.9644
2004 0.963
2005 0.9596
2006 0.9588
2007 0.9532
2008 0.9604
2009 0.9582
2010 0.9612
2011 0.9588
2012 0.957
2013 0.9572
2014 0.9498
2015 0.9538
2016 0.9576
2017 0.9608
2018 0.9588
2019 0.9558
2020 0.9548
2021 0.9558
2022 0.953
2023 0.9544
2024 0.9548
2025 0.9572
2026 0.9528
2027 0.9572
2028 0.9552
2029 0.9536
2030 0.954
2031 0.9604
2032 0.9548
2033 0.955
2034 0.9516
2035 0.9542
2036 0.9536
2037 0.9508
2038 0.9518
2039 0.9474
2040 0.9548
2041 0.9556
2042 0.96
2043 0.9568
2044 0.9592
2045 0.9584
2046 0.9574
2047 0.9574
2048 0.958
2049 0.9606
2050 0.9594
2051 0.9606
2052 0.9628
2053 0.958
2054 0.9638
2055 0.9624
2056 0.9592
2057 0.9614
2058 0.9614
2059 0.958
2060 0.956
2061 0.9528
2062 0.9506
2063 0.9536
2064 0.9536
2065 0.9604
2066 0.9582
2067 0.9574
2068 0.9604
2069 0.9604
2070 0.962
2071 0.9558
2072 0.9604
2073 0.9558
2074 0.959
2075 0.9572
2076 0.9588
2077 0.9572
2078 0.9592
2079 0.9546
2080 0.9594
2081 0.9606
2082 0.9626
2083 0.9582
2084 0.9648
2085 0.9654
2086 0.9624
2087 0.9588
2088 0.9648
2089 0.9658
2090 0.9656
2091 0.9648
2092 0.9672
2093 0.9572
2094 0.959
2095 0.9648
2096 0.9668
2097 0.9702
2098 0.9636
2099 0.9648
2100 0.9568
2101 0.9606
2102 0.967
2103 0.968
2104 0.9632
2105 0.9564
2106 0.9598
2107 0.9644
2108 0.9658
2109 0.968
2110 0.9592
2111 0.9558
2112 0.9572
2113 0.949
2114 0.9492
2115 0.9526
2116 0.9504
2117 0.9546
2118 0.951
2119 0.9532
2120 0.9558
2121 0.9522
2122 0.9508
2123 0.9556
2124 0.963
2125 0.9608
2126 0.9612
2127 0.958
2128 0.9584
2129 0.9536
2130 0.9526
2131 0.9518
2132 0.9478
2133 0.9518
2134 0.945
2135 0.9466
2136 0.9544
2137 0.9514
2138 0.9548
2139 0.9562
2140 0.9496
2141 0.9518
2142 0.9474
2143 0.9496
2144 0.9502
2145 0.9534
2146 0.9512
2147 0.948
2148 0.95
2149 0.9546
2150 0.9506
2151 0.9546
2152 0.955
2153 0.953
2154 0.9532
2155 0.949
2156 0.9482
2157 0.9508
2158 0.9582
2159 0.9576
2160 0.9528
2161 0.9572
2162 0.958
2163 0.9542
2164 0.9552
2165 0.956
2166 0.9576
2167 0.961
2168 0.9602
2169 0.9564
2170 0.9596
2171 0.955
2172 0.954
2173 0.9572
2174 0.9598
2175 0.9592
2176 0.959
2177 0.9594
2178 0.957
2179 0.9624
2180 0.9624
2181 0.9592
2182 0.9606
2183 0.9604
2184 0.951
2185 0.951
2186 0.954
2187 0.9588
2188 0.9596
2189 0.9602
2190 0.9586
2191 0.9524
2192 0.957
2193 0.959
2194 0.958
2195 0.957
2196 0.9572
2197 0.9594
2198 0.9552
2199 0.9562
2200 0.956
2201 0.9608
2202 0.9578
2203 0.9554
2204 0.9522
2205 0.953
2206 0.9528
2207 0.9578
2208 0.963
2209 0.9612
2210 0.9594
2211 0.96
2212 0.9574
2213 0.957
2214 0.959
2215 0.9522
2216 0.9534
2217 0.9568
2218 0.9594
2219 0.9604
2220 0.9558
2221 0.9544
2222 0.9562
2223 0.948
2224 0.9502
2225 0.9518
2226 0.951
2227 0.9486
2228 0.9522
2229 0.9498
2230 0.9506
2231 0.95
2232 0.9602
2233 0.962
2234 0.9618
2235 0.9662
2236 0.9628
2237 0.9588
2238 0.9558
2239 0.958
2240 0.9576
2241 0.9586
2242 0.9532
2243 0.9572
2244 0.9562
2245 0.9524
2246 0.9538
2247 0.9578
2248 0.9598
2249 0.9578
2250 0.9574
2251 0.9514
2252 0.9528
2253 0.955
2254 0.9562
2255 0.9556
2256 0.9588
2257 0.9582
2258 0.9586
2259 0.958
2260 0.9548
2261 0.9548
2262 0.9564
2263 0.9572
2264 0.9572
2265 0.9574
2266 0.9596
2267 0.96
2268 0.9638
2269 0.9564
2270 0.955
2271 0.9512
2272 0.9574
2273 0.9582
2274 0.9594
2275 0.9532
2276 0.9534
2277 0.9562
2278 0.9594
2279 0.959
2280 0.9562
2281 0.9566
2282 0.9582
2283 0.9558
2284 0.9586
2285 0.9558
2286 0.9518
2287 0.9556
2288 0.9582
2289 0.9542
2290 0.9534
2291 0.9588
2292 0.9618
2293 0.9556
2294 0.9602
2295 0.9586
2296 0.9562
2297 0.9624
2298 0.9642
2299 0.9632
2300 0.956
2301 0.9562
2302 0.9566
2303 0.963
2304 0.9656
2305 0.9622
2306 0.961
2307 0.9652
2308 0.9634
2309 0.9594
2310 0.9612
2311 0.9536
2312 0.958
2313 0.958
2314 0.9546
2315 0.9598
2316 0.9632
2317 0.9556
2318 0.9612
2319 0.962
2320 0.9554
2321 0.9616
2322 0.9602
2323 0.9584
2324 0.9598
2325 0.9632
2326 0.9568
2327 0.9532
2328 0.945
2329 0.9454
2330 0.9432
2331 0.9518
2332 0.9514
2333 0.9562
2334 0.9548
2335 0.9564
2336 0.9596
2337 0.9586
2338 0.9558
2339 0.9588
2340 0.9598
2341 0.9574
2342 0.955
2343 0.9554
2344 0.9536
2345 0.9544
2346 0.9602
2347 0.958
2348 0.9618
2349 0.9582
2350 0.9514
2351 0.9498
2352 0.9526
2353 0.9554
2354 0.9542
2355 0.9488
2356 0.9544
2357 0.9516
2358 0.9538
2359 0.951
2360 0.9466
2361 0.9464
2362 0.9502
2363 0.9498
2364 0.9614
2365 0.9592
2366 0.9656
2367 0.9658
2368 0.9636
2369 0.9572
2370 0.9598
2371 0.9622
2372 0.956
2373 0.9604
2374 0.9592
2375 0.9534
2376 0.958
2377 0.9568
2378 0.9576
2379 0.9526
2380 0.9588
2381 0.9546
2382 0.9508
2383 0.949
2384 0.952
2385 0.949
2386 0.9498
2387 0.9568
2388 0.959
2389 0.9548
2390 0.9514
2391 0.9492
2392 0.9566
2393 0.9516
2394 0.9542
2395 0.9574
2396 0.9552
2397 0.9514
2398 0.9574
2399 0.9608
2400 0.9634
2401 0.9634
2402 0.9588
2403 0.9634
2404 0.9666
2405 0.964
2406 0.9658
2407 0.9604
2408 0.9608
2409 0.9582
2410 0.9628
2411 0.96
2412 0.9636
2413 0.961
2414 0.9546
2415 0.9608
2416 0.9608
2417 0.9666
2418 0.9608
2419 0.9626
2420 0.9572
2421 0.9578
2422 0.9538
2423 0.9556
2424 0.9548
2425 0.9548
2426 0.9562
2427 0.9578
2428 0.955
2429 0.9566
2430 0.9526
2431 0.9614
2432 0.964
2433 0.9578
2434 0.962
2435 0.9594
2436 0.9576
2437 0.9576
2438 0.9554
2439 0.959
2440 0.9562
2441 0.9592
2442 0.9584
2443 0.9546
2444 0.9568
2445 0.9532
2446 0.9564
2447 0.96
2448 0.958
2449 0.951
2450 0.9544
2451 0.9528
2452 0.957
2453 0.959
2454 0.9608
2455 0.9598
2456 0.9618
2457 0.9598
2458 0.96
2459 0.9574
2460 0.9638
2461 0.9642
2462 0.9644
2463 0.9618
2464 0.9594
2465 0.9578
2466 0.9504
2467 0.95
2468 0.949
2469 0.9516
2470 0.9594
2471 0.9584
2472 0.9604
2473 0.957
2474 0.9594
2475 0.9618
2476 0.9612
2477 0.9598
2478 0.9604
2479 0.9558
2480 0.9596
2481 0.962
2482 0.9632
2483 0.9588
2484 0.9612
2485 0.957
2486 0.9548
2487 0.9558
2488 0.954
2489 0.954
2490 0.9526
2491 0.9496
2492 0.9528
2493 0.9542
2494 0.9566
2495 0.9584
2496 0.9598
2497 0.9618
2498 0.9624
2499 0.9616
2500 0.96
2501 0.9584
2502 0.9634
2503 0.9596
2504 0.953
2505 0.952
2506 0.9472
2507 0.9504
2508 0.9438
2509 0.9504
2510 0.9474
2511 0.9526
2512 0.9526
2513 0.9484
2514 0.9506
2515 0.9542
2516 0.9534
2517 0.95
2518 0.9558
2519 0.9598
2520 0.957
2521 0.9544
2522 0.9578
2523 0.9592
2524 0.9486
2525 0.9506
2526 0.949
2527 0.9506
2528 0.9456
2529 0.9534
2530 0.9548
2531 0.9602
2532 0.9604
2533 0.9574
2534 0.9596
2535 0.9556
2536 0.946
2537 0.9472
2538 0.952
2539 0.951
2540 0.9562
2541 0.9552
2542 0.9524
2543 0.9528
2544 0.9536
2545 0.9584
2546 0.9546
2547 0.958
2548 0.9636
2549 0.9626
2550 0.9618
2551 0.9552
2552 0.959
2553 0.9594
2554 0.9568
2555 0.9538
2556 0.9516
2557 0.959
2558 0.9622
2559 0.9576
2560 0.9542
2561 0.9552
2562 0.9588
2563 0.9636
2564 0.9628
2565 0.9616
2566 0.959
2567 0.961
2568 0.9586
2569 0.9548
2570 0.9586
2571 0.9542
2572 0.956
2573 0.9512
2574 0.9542
2575 0.9594
2576 0.954
2577 0.958
2578 0.9596
2579 0.963
2580 0.9618
2581 0.96
2582 0.9624
2583 0.9548
2584 0.9514
2585 0.9508
2586 0.9488
2587 0.9466
2588 0.9522
2589 0.9542
2590 0.957
2591 0.961
2592 0.9628
2593 0.961
2594 0.9584
2595 0.9582
2596 0.9558
2597 0.9582
2598 0.9598
2599 0.9586
2600 0.9636
2601 0.959
2602 0.9622
2603 0.9584
2604 0.9592
2605 0.961
2606 0.9626
2607 0.9588
2608 0.9544
2609 0.9566
2610 0.954
2611 0.9518
2612 0.9532
2613 0.9514
2614 0.9578
2615 0.956
2616 0.9554
2617 0.9544
2618 0.955
2619 0.9554
2620 0.9572
2621 0.9582
2622 0.9572
2623 0.953
2624 0.9518
2625 0.9582
2626 0.9558
2627 0.953
2628 0.9582
2629 0.9558
2630 0.95
2631 0.949
2632 0.9566
2633 0.9592
2634 0.9568
2635 0.9536
2636 0.9602
2637 0.9618
2638 0.9578
2639 0.9572
2640 0.9546
2641 0.9528
2642 0.9528
2643 0.9504
2644 0.952
2645 0.9546
2646 0.9478
2647 0.9512
2648 0.9478
2649 0.952
2650 0.9552
2651 0.9564
2652 0.9608
2653 0.9578
2654 0.9522
2655 0.9546
2656 0.9542
2657 0.9532
2658 0.9488
2659 0.9536
2660 0.9562
2661 0.9552
2662 0.9558
2663 0.9556
2664 0.9586
2665 0.9604
2666 0.9566
2667 0.9596
2668 0.9606
2669 0.9586
2670 0.9566
2671 0.952
2672 0.9488
2673 0.9498
2674 0.947
2675 0.952
2676 0.952
2677 0.955
2678 0.955
2679 0.96
2680 0.9608
2681 0.9598
2682 0.962
2683 0.9594
2684 0.9546
2685 0.9552
2686 0.9578
2687 0.9592
2688 0.9634
2689 0.9582
2690 0.9568
2691 0.9592
2692 0.9612
2693 0.963
2694 0.9616
2695 0.9644
2696 0.9632
2697 0.9604
2698 0.9592
2699 0.9614
2700 0.9554
2701 0.9556
2702 0.9558
2703 0.9532
2704 0.952
2705 0.955
2706 0.96
2707 0.9546
2708 0.9528
2709 0.9518
2710 0.9474
2711 0.9556
2712 0.9584
2713 0.9574
2714 0.9576
2715 0.9616
2716 0.9602
2717 0.9524
2718 0.9552
2719 0.9544
2720 0.9504
2721 0.949
2722 0.9492
2723 0.947
2724 0.9504
2725 0.9522
2726 0.949
2727 0.9492
2728 0.9532
2729 0.9584
2730 0.9638
2731 0.9592
2732 0.958
2733 0.954
2734 0.9546
2735 0.9592
2736 0.9554
2737 0.9508
2738 0.952
2739 0.9494
2740 0.9502
2741 0.957
2742 0.9632
2743 0.9586
2744 0.9614
2745 0.9596
2746 0.957
2747 0.961
2748 0.9568
2749 0.9576
2750 0.9582
2751 0.9614
2752 0.9606
2753 0.9594
2754 0.9542
2755 0.9528
2756 0.959
2757 0.9608
2758 0.962
2759 0.961
2760 0.9614
2761 0.9584
2762 0.96
2763 0.9588
2764 0.959
2765 0.963
2766 0.9594
2767 0.96
2768 0.965
2769 0.9644
2770 0.9602
2771 0.9594
2772 0.9582
2773 0.9632
2774 0.96
2775 0.965
2776 0.9616
2777 0.9562
2778 0.952
2779 0.9502
2780 0.9536
2781 0.9536
2782 0.952
2783 0.9538
2784 0.9556
2785 0.9554
2786 0.9528
2787 0.9478
2788 0.9424
2789 0.9486
2790 0.9516
2791 0.954
2792 0.9498
2793 0.9562
2794 0.9528
2795 0.9522
2796 0.9516
2797 0.949
2798 0.9544
2799 0.9518
2800 0.9544
2801 0.9534
2802 0.9586
2803 0.9576
2804 0.9514
2805 0.9516
2806 0.9542
2807 0.9592
2808 0.956
2809 0.9526
2810 0.9522
2811 0.957
2812 0.961
2813 0.9604
2814 0.9606
2815 0.9628
2816 0.9636
2817 0.9642
2818 0.9616
2819 0.962
2820 0.9678
2821 0.9694
2822 0.9682
2823 0.968
2824 0.9644
2825 0.963
2826 0.962
2827 0.9624
2828 0.9596
2829 0.9568
2830 0.9596
2831 0.9568
2832 0.9562
2833 0.958
2834 0.9532
2835 0.9538
2836 0.955
2837 0.9562
2838 0.9544
2839 0.9552
2840 0.9568
2841 0.954
2842 0.9508
2843 0.9536
2844 0.9554
2845 0.951
2846 0.9494
2847 0.9456
2848 0.9462
2849 0.9448
2850 0.9504
2851 0.9622
2852 0.963
2853 0.9632
2854 0.9592
2855 0.9558
2856 0.9524
2857 0.9522
2858 0.9516
2859 0.9534
2860 0.9546
2861 0.9538
2862 0.9534
2863 0.9602
2864 0.9568
2865 0.9564
2866 0.959
2867 0.9616
2868 0.9572
2869 0.9584
2870 0.962
2871 0.9618
2872 0.9576
2873 0.9554
2874 0.9562
2875 0.9572
2876 0.955
2877 0.962
2878 0.9592
2879 0.9514
2880 0.9538
2881 0.96
2882 0.956
2883 0.9538
2884 0.9612
2885 0.962
2886 0.9628
2887 0.9588
2888 0.9566
2889 0.955
2890 0.9552
2891 0.961
2892 0.9592
2893 0.957
2894 0.9522
2895 0.951
2896 0.9474
2897 0.9518
2898 0.9518
2899 0.9544
2900 0.9544
2901 0.9552
2902 0.9558
2903 0.9526
2904 0.9566
2905 0.962
2906 0.9576
2907 0.9532
2908 0.9574
2909 0.9558
2910 0.9592
2911 0.955
2912 0.9506
2913 0.955
2914 0.9592
2915 0.9614
2916 0.9662
2917 0.9618
2918 0.96
2919 0.961
2920 0.963
2921 0.9612
2922 0.9594
2923 0.9538
2924 0.9588
2925 0.9606
2926 0.959
2927 0.9602
2928 0.9604
2929 0.9556
2930 0.956
2931 0.9546
2932 0.952
2933 0.9552
2934 0.9536
2935 0.9544
2936 0.9516
2937 0.9536
2938 0.955
2939 0.9544
2940 0.9496
2941 0.9482
2942 0.9508
2943 0.9506
2944 0.9596
2945 0.9566
2946 0.9532
2947 0.9538
2948 0.961
2949 0.9554
2950 0.9584
2951 0.9562
2952 0.9526
2953 0.9612
2954 0.9564
2955 0.9478
2956 0.9518
2957 0.954
2958 0.9542
2959 0.9534
2960 0.95
2961 0.9566
2962 0.9586
2963 0.9598
2964 0.9614
2965 0.9598
2966 0.9612
2967 0.9542
2968 0.952
2969 0.9534
2970 0.951
2971 0.9492
2972 0.9498
2973 0.9482
2974 0.955
2975 0.9572
2976 0.9582
2977 0.9628
2978 0.9638
2979 0.9572
2980 0.96
2981 0.9584
2982 0.9596
2983 0.9564
2984 0.9608
2985 0.9608
2986 0.9574
2987 0.9544
2988 0.9534
2989 0.9532
2990 0.948
2991 0.945
2992 0.9484
2993 0.9464
2994 0.9484
2995 0.9504
2996 0.9544
2997 0.9496
2998 0.9542
2999 0.9492
